10000 3333 3333 -3333 3333 -3333 -3333 -10000 7454 -3333 3333 -7454 7454 -3333 3333 -7454 7454 -3333 3333 -7454
3333 10000 -3333 3333 -3333 3333 -10000 -3333 -3333 7454 -7454 3333 7454 -3333 3333 -7454 3333 -7454 7454 -3333
3333 -3333 10000 3333 -3333 -10000 3333 -3333 3333 -7454 7454 -3333 -3333 7454 -7454 3333 7454 -3333 3333 -7454
-3333 3333 3333 10000 -10000 -3333 -3333 3333 -7454 3333 -3333 7454 -3333 7454 -7454 3333 3333 -7454 7454 -3333
3333 -3333 -3333 -10000 10000 3333 3333 -3333 7454 -3333 3333 -7454 3333 -7454 7454 -3333 -3333 7454 -7454 3333
-3333 3333 -10000 -3333 3333 10000 -3333 3333 -3333 7454 -7454 3333 3333 -7454 7454 -3333 -7454 3333 -3333 7454
-3333 -10000 3333 -3333 3333 -3333 10000 3333 3333 -7454 7454 -3333 -7454 3333 -3333 7454 -3333 7454 -7454 3333
-10000 -3333 -3333 3333 -3333 3333 3333 10000 -7454 3333 -3333 7454 -7454 3333 -3333 7454 -7454 3333 -3333 7454
7454 -3333 3333 -7454 7454 -3333 3333 -7454 10000 -7454 7454 -10000 3333 -3333 3333 -3333 3333 3333 -3333 -3333
-3333 7454 -7454 3333 -3333 7454 -7454 3333 -7454 10000 -10000 7454 3333 -3333 3333 -3333 -3333 -3333 3333 3333
3333 -7454 7454 -3333 3333 -7454 7454 -3333 7454 -10000 10000 -7454 -3333 3333 -3333 3333 3333 3333 -3333 -3333
-7454 3333 -3333 7454 -7454 3333 -3333 7454 -10000 7454 -7454 10000 -3333 3333 -3333 3333 -3333 -3333 3333 3333
7454 7454 -3333 -3333 3333 3333 -7454 -7454 3333 3333 -3333 -3333 10000 -7454 7454 -10000 3333 -3333 3333 -3333
-3333 -3333 7454 7454 -7454 -7454 3333 3333 -3333 -3333 3333 3333 -7454 10000 -10000 7454 3333 -3333 3333 -3333
3333 3333 -7454 -7454 7454 7454 -3333 -3333 3333 3333 -3333 -3333 7454 -10000 10000 -7454 -3333 3333 -3333 3333
-7454 -7454 3333 3333 -3333 -3333 7454 7454 -3333 -3333 3333 3333 -10000 7454 -7454 10000 -3333 3333 -3333 3333
7454 3333 7454 3333 -3333 -7454 -3333 -7454 3333 -3333 3333 -3333 3333 3333 -3333 -3333 10000 -7454 7454 -10000
-3333 -7454 -3333 -7454 7454 3333 7454 3333 3333 -3333 3333 -3333 -3333 -3333 3333 3333 -7454 10000 -10000 7454
3333 7454 3333 7454 -7454 -3333 -7454 -3333 -3333 3333 -3333 3333 3333 3333 -3333 -3333 7454 -10000 10000 -7454
-7454 -3333 -7454 -3333 3333 7454 3333 7454 -3333 3333 -3333 3333 -3333 -3333 3333 3333 -10000 7454 -7454 10000